ade: 0.7126567959785461
fde: 1.2116585969924927 
ade_topk: 0.43621692061424255
fde_topk: 0.7425042986869812 
ade_avg: 0.9073901772499084
fde_avg: 1.4999984502792358
wade: 1.3328704833984375 
wfde: 2.2440695762634277 
rank_proposals_accuracy: 0.8321995735168457