ade: 0.5364714860916138
fde: 0.8439541459083557 
ade_topk: 0.3867048919200897
fde_topk: 0.648948073387146 
ade_avg: 0.6596542596817017
fde_avg: 1.1631498336791992
wade: 0.8046776056289673 
wfde: 1.3812018632888794 
rank_proposals_accuracy: 0.9445910453796387