ade: 0.49303850531578064
fde: 0.9417968988418579 
ade_topk: 0.3712378740310669
fde_topk: 0.7324243783950806 
ade_avg: 0.731239378452301
fde_avg: 1.6051676273345947
wade: 0.884575605392456 
wfde: 1.8258028030395508 
rank_proposals_accuracy: 0.9234972596168518