ade: 0.7094840407371521
fde: 1.4360707998275757 
ade_topk: 0.4553094506263733
fde_topk: 0.8824028372764587 
wade: 0.6657593846321106 
wfde: 1.360075831413269 
