ade: 0.7475115060806274
fde: 1.4617139101028442 
ade_topk: 0.5106342434883118
fde_topk: 0.9822127223014832 
ade_avg: 0.6947269439697266
fde_avg: 1.3504894971847534
wade: 0.8169922828674316 
wfde: 1.60384202003479 
rank_proposals_accuracy: 0.8492462038993835