ade: 0.5208907127380371
fde: 0.8155905604362488 
ade_topk: 0.37986499071121216
fde_topk: 0.6331104040145874 
ade_avg: 0.6782174706459045
fde_avg: 1.193532109260559
wade: 0.8126339316368103 
wfde: 1.3960134983062744 
rank_proposals_accuracy: 0.9472295641899109