ade: 0.9527262449264526
fde: 1.88767671585083 
ade_topk: 0.559478223323822
fde_topk: 1.052020788192749 
wade: 0.9858503341674805 
wfde: 1.9433990716934204 
