ade: 0.717075526714325
fde: 1.4493128061294556 
ade_topk: 0.5640209913253784
fde_topk: 1.0830689668655396 
wade: 0.7198880910873413 
wfde: 1.4565497636795044 
