ade: 0.8377084136009216
fde: 1.6118831634521484 
ade_topk: 0.5828753709793091
fde_topk: 1.0607662200927734 
wade: 0.8595268130302429 
wfde: 1.631730079650879 
