ade: [1.957369327545166, 1.9341436624526978, 1.9287593364715576, 2.004302978515625, 1.9415109157562256]
fde: [3.3400299549102783, 3.2979626655578613, 3.310793161392212, 3.4390523433685303, 3.2964720726013184]
sse: [171074.05202202906, 171074.05202202906, 171074.05202202906, 171074.05202202906, 171074.05202202906]
clust_score: [0.9243332299341877, 0.9243332299341877, 0.9243332299341877, 0.9243332299341877, 0.9243332299341877]
ade_topk: [1.5239115953445435, 1.5171475410461426, 1.5089861154556274, 1.5325508117675781, 1.5173451900482178]
fde_topk: [2.646866798400879, 2.6198370456695557, 2.6238744258880615, 2.676727533340454, 2.6156094074249268]
ade_avg: [3.3668367862701416, 3.2411949634552, 3.4528257846832275, 3.317631721496582, 3.53090500831604]
fde_avg: [6.7427754402160645, 6.392222881317139, 6.7278971672058105, 6.520942687988281, 6.911426067352295]
wade: [4.925128936767578, 4.725860118865967, 4.983002185821533, 4.815874099731445, 5.308258533477783]
wfde: [9.489300727844238, 9.116329193115234, 9.516409873962402, 9.307701110839844, 10.163676261901855]
rank_proposals_accuracy: [0.952920138835907, 0.9523242115974426, 0.9523242115974426, 0.94636470079422, 0.9511322975158691]
