ade: [0.9910620450973511, 0.993471622467041, 1.031002163887024, 1.0024809837341309, 1.1363179683685303]
fde: [1.7327624559402466, 1.7742455005645752, 1.8025121688842773, 1.7642625570297241, 1.9899835586547852]
sse: [29194.01803536762, 29194.01803536762, 29194.01803536762, 29194.01803536762, 29194.01803536762]
clust_score: [1.017827234343391, 1.017827234343391, 1.017827234343391, 1.017827234343391, 1.017827234343391]
ade_topk: [0.9909117817878723, 0.9896098375320435, 1.0263724327087402, 0.9942132234573364, 1.1321475505828857]
fde_topk: [1.7315888404846191, 1.7640026807785034, 1.7907222509384155, 1.7433522939682007, 1.9792170524597168]
ade_avg: [1.3396755456924438, 1.2745749950408936, 1.3919100761413574, 1.2994637489318848, 1.5128695964813232]
fde_avg: [2.4136557579040527, 2.3206064701080322, 2.494088888168335, 2.352339267730713, 2.7272582054138184]
wade: [1.4321446418762207, 1.354241132736206, 1.5187970399856567, 1.3926371335983276, 1.6329269409179688]
wfde: [2.6374809741973877, 2.5098893642425537, 2.8096179962158203, 2.56191086769104, 2.990081548690796]
rank_proposals_accuracy: [1.0, 1.0, 1.0, 1.0, 1.0]
