ade: [0.48452556133270264, 0.4716762900352478, 0.4908779561519623, 0.4920201599597931, 0.49303850531578064]
fde: [0.9260652661323547, 0.9045090079307556, 0.9347144961357117, 0.9494308829307556, 0.9417968988418579]
sse: [26857.6959103289, 26857.6959103289, 26857.6959103289, 26857.6959103289, 26857.6959103289]
clust_score: [0.9441929954250439, 0.9441929954250439, 0.9441929954250439, 0.9441929954250439, 0.9441929954250439]
ade_topk: [0.3772115409374237, 0.3808996379375458, 0.38023942708969116, 0.3788316249847412, 0.3712378740310669]
fde_topk: [0.7384095788002014, 0.7373912334442139, 0.7374396920204163, 0.7582998871803284, 0.7324243783950806]
ade_avg: [0.7754012942314148, 0.8819093704223633, 0.8049151301383972, 0.7706483006477356, 0.731239378452301]
fde_avg: [1.711984634399414, 1.9234042167663574, 1.767531394958496, 1.7090595960617065, 1.6051676273345947]
wade: [0.9647276401519775, 1.1331287622451782, 1.0201539993286133, 0.9662644267082214, 0.884575605392456]
wfde: [1.9659006595611572, 2.1634843349456787, 2.043023109436035, 1.9653726816177368, 1.8258028030395508]
rank_proposals_accuracy: [0.9289617538452148, 0.9398906826972961, 0.9289617538452148, 0.9289617538452148, 0.9234972596168518]
