ade: [0.9249961972236633, 0.9500096440315247, 0.9653387069702148, 0.9472672343254089, 0.9680960178375244]
fde: [1.8301929235458374, 1.9586188793182373, 1.9874893426895142, 1.945507526397705, 2.002114772796631]
sse: [27723.873365275507, 27723.873365275507, 27723.873365275507, 27723.873365275507, 27723.873365275507]
clust_score: [0.934042127624533, 0.934042127624533, 0.934042127624533, 0.934042127624533, 0.934042127624533]
ade_topk: [0.7403592467308044, 0.7698209881782532, 0.786334216594696, 0.7589656114578247, 0.7782917618751526]
fde_topk: [1.4654505252838135, 1.5608954429626465, 1.617738962173462, 1.5245373249053955, 1.5817171335220337]
ade_avg: [1.100631594657898, 1.0124342441558838, 1.0281267166137695, 1.1292409896850586, 1.0295802354812622]
fde_avg: [2.1393651962280273, 1.99025559425354, 2.066641330718994, 2.2058887481689453, 2.0132555961608887]
wade: [1.244973063468933, 1.1291511058807373, 1.1826761960983276, 1.2986485958099365, 1.165386438369751]
wfde: [2.4453601837158203, 2.2498562335968018, 2.391754388809204, 2.548435688018799, 2.3269174098968506]
rank_proposals_accuracy: [0.9411764740943909, 0.9215686321258545, 0.9411764740943909, 0.9411764740943909, 0.9215686321258545]
