ade: [0.6958505511283875, 0.7112392783164978, 0.6998578310012817, 0.7005628347396851, 0.7126567959785461]
fde: [1.165981411933899, 1.1986894607543945, 1.1758909225463867, 1.1744276285171509, 1.2116585969924927]
sse: [36231.72395247863, 36231.72395247863, 36231.72395247863, 36231.72395247863, 36231.72395247863]
clust_score: [1.0195220767795086, 1.0195220767795086, 1.0195220767795086, 1.0195220767795086, 1.0195220767795086]
ade_topk: [0.4388868808746338, 0.43274030089378357, 0.4446186125278473, 0.43430206179618835, 0.43621692061424255]
fde_topk: [0.728008508682251, 0.7316736578941345, 0.7460547089576721, 0.7252862453460693, 0.7425042986869812]
ade_avg: [0.9501724243164062, 0.8790369033813477, 0.9186757206916809, 0.9044610857963562, 0.9073901772499084]
fde_avg: [1.5689597129821777, 1.4351731538772583, 1.5355618000030518, 1.4738205671310425, 1.4999984502792358]
wade: [1.4035203456878662, 1.2748708724975586, 1.3227652311325073, 1.3179447650909424, 1.3328704833984375]
wfde: [2.335585117340088, 2.170156717300415, 2.2464396953582764, 2.2158522605895996, 2.2440695762634277]
rank_proposals_accuracy: [0.8367347121238708, 0.8321995735168457, 0.8435373902320862, 0.839002251625061, 0.8321995735168457]
