ade: [0.7094840407371521, 0.759499192237854, 0.5002933144569397, 0.4904959499835968, 0.532917857170105]
fde: [1.4360707998275757, 1.558266282081604, 1.022737741470337, 0.9331846237182617, 1.1020302772521973]
ade_topk: [0.4553094506263733, 0.4223913550376892, 0.38483506441116333, 0.42739415168762207, 0.4470641613006592]
fde_topk: [0.8824028372764587, 0.8237701654434204, 0.7111801505088806, 0.7761661410331726, 0.8929219245910645]
wade: [0.6657593846321106, 0.6459861397743225, 0.5279332995414734, 0.7392386794090271, 0.695796012878418]
wfde: [1.360075831413269, 1.3184189796447754, 1.0617913007736206, 1.4117271900177002, 1.400963306427002]
