ade: [0.7148311734199524, 0.8050618767738342, 0.9527262449264526, 0.9484292268753052, 0.8377084136009216]
fde: [1.3515135049819946, 1.6575382947921753, 1.88767671585083, 1.8966014385223389, 1.6118831634521484]
ade_topk: [0.5636393427848816, 0.5722697377204895, 0.559478223323822, 0.573821485042572, 0.5828753709793091]
fde_topk: [0.9856825470924377, 1.023485779762268, 1.052020788192749, 1.0718557834625244, 1.0607662200927734]
wade: [0.7933635711669922, 0.8492997288703918, 0.9858503341674805, 0.9446806311607361, 0.8595268130302429]
wfde: [1.5082424879074097, 1.6565674543380737, 1.9433990716934204, 1.8755062818527222, 1.631730079650879]
