ade: [1.1811082363128662, 1.0361136198043823, 1.1616177558898926, 0.9529076218605042, 1.0653375387191772]
fde: [2.388895034790039, 2.030040740966797, 2.3813796043395996, 1.8968547582626343, 2.207350254058838]
ade_topk: [0.8230563402175903, 0.8283072710037231, 0.8349711298942566, 0.895810067653656, 0.8297876119613647]
fde_topk: [1.619938850402832, 1.6186102628707886, 1.5845041275024414, 1.7580924034118652, 1.6398910284042358]
wade: [1.0136240720748901, 1.0625654458999634, 1.0789966583251953, 0.9651734828948975, 0.9704147577285767]
wfde: [2.017345428466797, 2.1386473178863525, 2.1563873291015625, 1.9302804470062256, 1.9507815837860107]
