ade: [0.717075526714325, 0.7856723666191101, 0.7083950638771057, 0.7337204217910767, 0.7496248483657837]
fde: [1.4493128061294556, 1.5774750709533691, 1.4445523023605347, 1.4850592613220215, 1.501808762550354]
ade_topk: [0.5640209913253784, 0.5679631233215332, 0.5574725866317749, 0.5610209703445435, 0.5474196076393127]
fde_topk: [1.0830689668655396, 1.102659821510315, 1.0725823640823364, 1.079482078552246, 1.0527620315551758]
wade: [0.7198880910873413, 0.772423267364502, 0.7670665979385376, 0.7357028126716614, 0.7348072528839111]
wfde: [1.4565497636795044, 1.5645166635513306, 1.5474697351455688, 1.4908325672149658, 1.478757619857788]
