ade: [1.0963313579559326, 1.0638641119003296, 0.9388543963432312, 1.014195203781128, 1.053397297859192]
fde: [2.0202205181121826, 1.9961732625961304, 1.8347387313842773, 1.9377650022506714, 2.16874623298645]
ade_topk: [0.8859248757362366, 0.9145150184631348, 0.8311784863471985, 0.9663981199264526, 0.7647616267204285]
fde_topk: [1.6845108270645142, 1.648754596710205, 1.5635939836502075, 1.8285484313964844, 1.4882326126098633]
wade: [1.0848712921142578, 1.110865592956543, 1.0018001794815063, 1.0958242416381836, 0.9775965213775635]
wfde: [2.042351484298706, 2.0895445346832275, 1.954232931137085, 2.1655054092407227, 1.9707022905349731]
