ade: [2.3250441551208496, 2.5608010292053223, 2.4506893157958984, 2.3433635234832764, 2.359189987182617]
fde: [4.3896989822387695, 4.830839157104492, 4.623816013336182, 4.389688014984131, 4.430667877197266]
ade_topk: [1.5639064311981201, 1.5496970415115356, 1.6346986293792725, 1.750025749206543, 1.6011770963668823]
fde_topk: [2.7074525356292725, 2.649294853210449, 2.8882219791412354, 3.0439257621765137, 2.7829043865203857]
wade: [2.4297852516174316, 2.4685940742492676, 2.451221227645874, 2.5058271884918213, 2.3066582679748535]
wfde: [4.571528911590576, 4.583454608917236, 4.628246784210205, 4.669416427612305, 4.330251216888428]
