ade: [0.6027243137359619, 0.6663339734077454, 0.6625902056694031, 0.6566091179847717, 0.6621192097663879]
fde: [1.1044389009475708, 1.3815641403198242, 1.2342290878295898, 1.1888483762741089, 1.2808260917663574]
ade_topk: [0.447945237159729, 0.48418307304382324, 0.45452797412872314, 0.45159366726875305, 0.47407445311546326]
fde_topk: [0.7656266093254089, 0.8692963719367981, 0.7760312557220459, 0.764451801776886, 0.8888217806816101]
wade: [0.5955025553703308, 0.6111111640930176, 0.6515910625457764, 0.6248151659965515, 0.6754618883132935]
wfde: [1.1340337991714478, 1.1814707517623901, 1.210392951965332, 1.1581668853759766, 1.3432751893997192]
