ade: 1.1616177558898926
fde: 2.3813796043395996 
ade_topk: 0.8349711298942566
fde_topk: 1.5845041275024414 
wade: 1.0789966583251953 
wfde: 2.1563873291015625 
