ade: 2.359189987182617
fde: 4.430667877197266 
ade_topk: 1.6011770963668823
fde_topk: 2.7829043865203857 
wade: 2.3066582679748535 
wfde: 4.330251216888428 
