ade: 0.9484292268753052
fde: 1.8966014385223389 
ade_topk: 0.573821485042572
fde_topk: 1.0718557834625244 
wade: 0.9446806311607361 
wfde: 1.8755062818527222 
