ade: 0.9653387069702148
fde: 1.9874893426895142 
ade_topk: 0.786334216594696
fde_topk: 1.617738962173462 
ade_avg: 1.0281267166137695
fde_avg: 2.066641330718994
wade: 1.1826761960983276 
wfde: 2.391754388809204 
rank_proposals_accuracy: 0.9411764740943909