ade: 0.7112392783164978
fde: 1.1986894607543945 
ade_topk: 0.43274030089378357
fde_topk: 0.7316736578941345 
ade_avg: 0.8790369033813477
fde_avg: 1.4351731538772583
wade: 1.2748708724975586 
wfde: 2.170156717300415 
rank_proposals_accuracy: 0.8321995735168457