ade: 0.9472672343254089
fde: 1.945507526397705 
ade_topk: 0.7589656114578247
fde_topk: 1.5245373249053955 
ade_avg: 1.1292409896850586
fde_avg: 2.2058887481689453
wade: 1.2986485958099365 
wfde: 2.548435688018799 
rank_proposals_accuracy: 0.9411764740943909