ade: 0.9388543963432312
fde: 1.8347387313842773 
ade_topk: 0.8311784863471985
fde_topk: 1.5635939836502075 
wade: 1.0018001794815063 
wfde: 1.954232931137085 
