ade: 0.48452556133270264
fde: 0.9260652661323547 
ade_topk: 0.3772115409374237
fde_topk: 0.7384095788002014 
ade_avg: 0.7754012942314148
fde_avg: 1.711984634399414
wade: 0.9647276401519775 
wfde: 1.9659006595611572 
rank_proposals_accuracy: 0.9289617538452148