ade: 1.9341436624526978
fde: 3.2979626655578613 
ade_topk: 1.5171475410461426
fde_topk: 2.6198370456695557 
ade_avg: 3.2411949634552
fde_avg: 6.392222881317139
wade: 4.725860118865967 
wfde: 9.116329193115234 
rank_proposals_accuracy: 0.9523242115974426