ade: 0.9910620450973511
fde: 1.7327624559402466 
ade_topk: 0.9909117817878723
fde_topk: 1.7315888404846191 
ade_avg: 1.3396755456924438
fde_avg: 2.4136557579040527
wade: 1.4321446418762207 
wfde: 2.6374809741973877 
rank_proposals_accuracy: 1.0