ade: 0.5211578607559204
fde: 0.9063088893890381 
