ade: 0.4716762900352478
fde: 0.9045090079307556 
ade_topk: 0.3808996379375458
fde_topk: 0.7373912334442139 
ade_avg: 0.8819093704223633
fde_avg: 1.9234042167663574
wade: 1.1331287622451782 
wfde: 2.1634843349456787 
rank_proposals_accuracy: 0.9398906826972961