ade: 0.7496248483657837
fde: 1.501808762550354 
ade_topk: 0.5474196076393127
fde_topk: 1.0527620315551758 
wade: 0.7348072528839111 
wfde: 1.478757619857788 
