ade: 1.924647331237793
fde: 3.299170970916748 
ade_topk: 1.5321296453475952
fde_topk: 2.65669846534729 
ade_avg: 3.377199649810791
fde_avg: 6.675144195556641
wade: 5.028705596923828 
wfde: 9.657451629638672 
rank_proposals_accuracy: 0.9523242115974426