ade: 0.7430181503295898
fde: 1.46418035030365 
ade_topk: 0.5083205699920654
fde_topk: 0.993091881275177 
ade_avg: 0.7269173264503479
fde_avg: 1.4142745733261108
wade: 0.9633509516716003 
wfde: 1.8803668022155762 
rank_proposals_accuracy: 0.8479899764060974