ade: 0.7378493547439575
fde: 1.446953535079956 
ade_topk: 0.5098927617073059
fde_topk: 0.9779943823814392 
ade_avg: 0.7101200819015503
fde_avg: 1.3867237567901611
wade: 0.8791420459747314 
wfde: 1.7294731140136719 
rank_proposals_accuracy: 0.8517587780952454