ade: 1.957369327545166
fde: 3.3400299549102783 
ade_topk: 1.5239115953445435
fde_topk: 2.646866798400879 
ade_avg: 3.3668367862701416
fde_avg: 6.7427754402160645
wade: 4.925128936767578 
wfde: 9.489300727844238 
rank_proposals_accuracy: 0.952920138835907