ade: 0.7083950638771057
fde: 1.4445523023605347 
ade_topk: 0.5574725866317749
fde_topk: 1.0725823640823364 
wade: 0.7670665979385376 
wfde: 1.5474697351455688 
