ade: 0.6836321353912354
fde: 1.1591225862503052 
ade_topk: 0.49086666107177734
fde_topk: 0.7907723188400269 
ade_avg: 0.6899665594100952
fde_avg: 1.1872543096542358
wade: 0.8297939300537109 
wfde: 1.5209654569625854 
rank_proposals_accuracy: 0.7437641620635986