ade: 0.6027243137359619
fde: 1.1044389009475708 
ade_topk: 0.447945237159729
fde_topk: 0.7656266093254089 
wade: 0.5955025553703308 
wfde: 1.1340337991714478 
