ade: 0.9249961972236633
fde: 1.8301929235458374 
ade_topk: 0.7403592467308044
fde_topk: 1.4654505252838135 
ade_avg: 1.100631594657898
fde_avg: 2.1393651962280273
wade: 1.244973063468933 
wfde: 2.4453601837158203 
rank_proposals_accuracy: 0.9411764740943909