ade: 0.8050618767738342
fde: 1.6575382947921753 
ade_topk: 0.5722697377204895
fde_topk: 1.023485779762268 
wade: 0.8492997288703918 
wfde: 1.6565674543380737 
