ade: 0.7856723666191101
fde: 1.5774750709533691 
ade_topk: 0.5679631233215332
fde_topk: 1.102659821510315 
wade: 0.772423267364502 
wfde: 1.5645166635513306 
