ade: 0.6566091179847717
fde: 1.1888483762741089 
ade_topk: 0.45159366726875305
fde_topk: 0.764451801776886 
wade: 0.6248151659965515 
wfde: 1.1581668853759766 
