ade: 1.0963313579559326
fde: 2.0202205181121826 
ade_topk: 0.8859248757362366
fde_topk: 1.6845108270645142 
wade: 1.0848712921142578 
wfde: 2.042351484298706 
