ade: 0.6621192097663879
fde: 1.2808260917663574 
ade_topk: 0.47407445311546326
fde_topk: 0.8888217806816101 
wade: 0.6754618883132935 
wfde: 1.3432751893997192 
