ade: 0.4843306243419647
fde: 0.840883195400238 
