ade: 0.9680960178375244
fde: 2.002114772796631 
ade_topk: 0.7782917618751526
fde_topk: 1.5817171335220337 
ade_avg: 1.0295802354812622
fde_avg: 2.0132555961608887
wade: 1.165386438369751 
wfde: 2.3269174098968506 
rank_proposals_accuracy: 0.9215686321258545