ade: 0.7148311734199524
fde: 1.3515135049819946 
ade_topk: 0.5636393427848816
fde_topk: 0.9856825470924377 
wade: 0.7933635711669922 
wfde: 1.5082424879074097 
