ade: 1.014195203781128
fde: 1.9377650022506714 
ade_topk: 0.9663981199264526
fde_topk: 1.8285484313964844 
wade: 1.0958242416381836 
wfde: 2.1655054092407227 
