ade: 1.0653375387191772
fde: 2.207350254058838 
ade_topk: 0.8297876119613647
fde_topk: 1.6398910284042358 
wade: 0.9704147577285767 
wfde: 1.9507815837860107 
