ade: 0.993471622467041
fde: 1.7742455005645752 
ade_topk: 0.9896098375320435
fde_topk: 1.7640026807785034 
ade_avg: 1.2745749950408936
fde_avg: 2.3206064701080322
wade: 1.354241132736206 
wfde: 2.5098893642425537 
rank_proposals_accuracy: 1.0