ade: 1.1363179683685303
fde: 1.9899835586547852 
ade_topk: 1.1321475505828857
fde_topk: 1.9792170524597168 
ade_avg: 1.5128695964813232
fde_avg: 2.7272582054138184
wade: 1.6329269409179688 
wfde: 2.990081548690796 
rank_proposals_accuracy: 1.0