ade: 0.48800304532051086
fde: 0.9448073506355286 
ade_topk: 0.3695036768913269
fde_topk: 0.7315914630889893 
ade_avg: 0.5296241641044617
fde_avg: 1.1013799905776978
wade: 0.6472848653793335 
wfde: 1.3309144973754883 
rank_proposals_accuracy: 0.868852436542511