ade: 0.4908779561519623
fde: 0.9347144961357117 
ade_topk: 0.38023942708969116
fde_topk: 0.7374396920204163 
ade_avg: 0.8049151301383972
fde_avg: 1.767531394958496
wade: 1.0201539993286133 
wfde: 2.043023109436035 
rank_proposals_accuracy: 0.9289617538452148