ade: 0.9529076218605042
fde: 1.8968547582626343 
ade_topk: 0.895810067653656
fde_topk: 1.7580924034118652 
wade: 0.9651734828948975 
wfde: 1.9302804470062256 
