ade: 0.9994358420372009
fde: 1.7313998937606812 
sse: 13400.515625 
clust_score: 1.1737457215370448 
