ade: 2.004302978515625
fde: 3.4390523433685303 
ade_topk: 1.5325508117675781
fde_topk: 2.676727533340454 
ade_avg: 3.317631721496582
fde_avg: 6.520942687988281
wade: 4.815874099731445 
wfde: 9.307701110839844 
rank_proposals_accuracy: 0.94636470079422