ade: 1.9423593282699585
fde: 4.134372711181641 
sse: 16354.5703125 
clust_score: 1.0975169321746399 
