ade: 0.6625902056694031
fde: 1.2342290878295898 
ade_topk: 0.45452797412872314
fde_topk: 0.7760312557220459 
wade: 0.6515910625457764 
wfde: 1.210392951965332 
