ade: 0.7005628347396851
fde: 1.1744276285171509 
ade_topk: 0.43430206179618835
fde_topk: 0.7252862453460693 
ade_avg: 0.9044610857963562
fde_avg: 1.4738205671310425
wade: 1.3179447650909424 
wfde: 2.2158522605895996 
rank_proposals_accuracy: 0.839002251625061