ade: 2.5608010292053223
fde: 4.830839157104492 
ade_topk: 1.5496970415115356
fde_topk: 2.649294853210449 
wade: 2.4685940742492676 
wfde: 4.583454608917236 
