ade: 0.6663339734077454
fde: 1.3815641403198242 
ade_topk: 0.48418307304382324
fde_topk: 0.8692963719367981 
wade: 0.6111111640930176 
wfde: 1.1814707517623901 
