ade: 0.6958505511283875
fde: 1.165981411933899 
ade_topk: 0.4388868808746338
fde_topk: 0.728008508682251 
ade_avg: 0.9501724243164062
fde_avg: 1.5689597129821777
wade: 1.4035203456878662 
wfde: 2.335585117340088 
rank_proposals_accuracy: 0.8367347121238708