ade: 0.5246816873550415
fde: 0.8202658891677856 
ade_topk: 0.3726409673690796
fde_topk: 0.6379053592681885 
ade_avg: 0.6847275495529175
fde_avg: 1.2051000595092773
wade: 0.834080159664154 
wfde: 1.4081876277923584 
rank_proposals_accuracy: 0.9551451206207275