ade: 0.7455283999443054
fde: 1.474501609802246 
ade_topk: 0.5252538919448853
fde_topk: 1.021651029586792 
ade_avg: 0.741428792476654
fde_avg: 1.4338334798812866
wade: 1.0243500471115112 
wfde: 2.022378444671631 
rank_proposals_accuracy: 0.858668327331543