ade: 0.7282201051712036
fde: 1.425217628479004 
ade_topk: 0.5087261199951172
fde_topk: 0.9676695466041565 
ade_avg: 0.6955806016921997
fde_avg: 1.3560880422592163
wade: 0.864153265953064 
wfde: 1.6793626546859741 
rank_proposals_accuracy: 0.8536432385444641