ade: 1.031002163887024
fde: 1.8025121688842773 
ade_topk: 1.0263724327087402
fde_topk: 1.7907222509384155 
ade_avg: 1.3919100761413574
fde_avg: 2.494088888168335
wade: 1.5187970399856567 
wfde: 2.8096179962158203 
rank_proposals_accuracy: 1.0