ade: 0.5323323607444763
fde: 0.834851086139679 
ade_topk: 0.3794628083705902
fde_topk: 0.6356428861618042 
ade_avg: 0.671474277973175
fde_avg: 1.1838616132736206
wade: 0.8387151956558228 
wfde: 1.4133453369140625 
rank_proposals_accuracy: 0.9498680830001831