ade: 1.1811082363128662
fde: 2.388895034790039 
ade_topk: 0.8230563402175903
fde_topk: 1.619938850402832 
wade: 1.0136240720748901 
wfde: 2.017345428466797 
