ade: 2.3433635234832764
fde: 4.389688014984131 
ade_topk: 1.750025749206543
fde_topk: 3.0439257621765137 
wade: 2.5058271884918213 
wfde: 4.669416427612305 
