ade: 1.9287593364715576
fde: 3.310793161392212 
ade_topk: 1.5089861154556274
fde_topk: 2.6238744258880615 
ade_avg: 3.4528257846832275
fde_avg: 6.7278971672058105
wade: 4.983002185821533 
wfde: 9.516409873962402 
rank_proposals_accuracy: 0.9523242115974426