ade: 0.4904959499835968
fde: 0.9331846237182617 
ade_topk: 0.42739415168762207
fde_topk: 0.7761661410331726 
wade: 0.7392386794090271 
wfde: 1.4117271900177002 
