ade: 0.718685507774353
fde: 1.203957200050354 
ade_topk: 0.45551854372024536
fde_topk: 0.7611960172653198 
ade_avg: 0.7613096833229065
fde_avg: 1.2941359281539917
wade: 1.2278488874435425 
wfde: 2.2149057388305664 
rank_proposals_accuracy: 0.8662131428718567