ade: 1.0361136198043823
fde: 2.030040740966797 
ade_topk: 0.8283072710037231
fde_topk: 1.6186102628707886 
wade: 1.0625654458999634 
wfde: 2.1386473178863525 
