ade: 0.5002933144569397
fde: 1.022737741470337 
ade_topk: 0.38483506441116333
fde_topk: 0.7111801505088806 
wade: 0.5279332995414734 
wfde: 1.0617913007736206 
