ade: 1.0638641119003296
fde: 1.9961732625961304 
ade_topk: 0.9145150184631348
fde_topk: 1.648754596710205 
wade: 1.110865592956543 
wfde: 2.0895445346832275 
