ade: 0.7337204217910767
fde: 1.4850592613220215 
ade_topk: 0.5610209703445435
fde_topk: 1.079482078552246 
wade: 0.7357028126716614 
wfde: 1.4908325672149658 
