ade: 0.4920201599597931
fde: 0.9494308829307556 
ade_topk: 0.3788316249847412
fde_topk: 0.7582998871803284 
ade_avg: 0.7706483006477356
fde_avg: 1.7090595960617065
wade: 0.9662644267082214 
wfde: 1.9653726816177368 
rank_proposals_accuracy: 0.9289617538452148