ade: 0.5140191912651062
fde: 0.8690634369850159 
