ade: 0.6998578310012817
fde: 1.1758909225463867 
ade_topk: 0.4446186125278473
fde_topk: 0.7460547089576721 
ade_avg: 0.9186757206916809
fde_avg: 1.5355618000030518
wade: 1.3227652311325073 
wfde: 2.2464396953582764 
rank_proposals_accuracy: 0.8435373902320862