ade: 1.9415109157562256
fde: 3.2964720726013184 
ade_topk: 1.5173451900482178
fde_topk: 2.6156094074249268 
ade_avg: 3.53090500831604
fde_avg: 6.911426067352295
wade: 5.308258533477783 
wfde: 10.163676261901855 
rank_proposals_accuracy: 0.9511322975158691