ade: 0.9500096440315247
fde: 1.9586188793182373 
ade_topk: 0.7698209881782532
fde_topk: 1.5608954429626465 
ade_avg: 1.0124342441558838
fde_avg: 1.99025559425354
wade: 1.1291511058807373 
wfde: 2.2498562335968018 
rank_proposals_accuracy: 0.9215686321258545