ade: 0.759499192237854
fde: 1.558266282081604 
ade_topk: 0.4223913550376892
fde_topk: 0.8237701654434204 
wade: 0.6459861397743225 
wfde: 1.3184189796447754 
