ade: 0.7495624423027039
fde: 1.470254898071289 
ade_topk: 0.5042948126792908
fde_topk: 0.974293053150177 
ade_avg: 0.7123485803604126
fde_avg: 1.3860158920288086
wade: 0.8731276392936707 
wfde: 1.726818561553955 
rank_proposals_accuracy: 0.8467336893081665