ade: 2.3250441551208496
fde: 4.3896989822387695 
ade_topk: 1.5639064311981201
fde_topk: 2.7074525356292725 
wade: 2.4297852516174316 
wfde: 4.571528911590576 
