ade: 1.053397297859192
fde: 2.16874623298645 
ade_topk: 0.7647616267204285
fde_topk: 1.4882326126098633 
wade: 0.9775965213775635 
wfde: 1.9707022905349731 
