ade: 2.4506893157958984
fde: 4.623816013336182 
ade_topk: 1.6346986293792725
fde_topk: 2.8882219791412354 
wade: 2.451221227645874 
wfde: 4.628246784210205 
