ade: 1.0024809837341309
fde: 1.7642625570297241 
ade_topk: 0.9942132234573364
fde_topk: 1.7433522939682007 
ade_avg: 1.2994637489318848
fde_avg: 2.352339267730713
wade: 1.3926371335983276 
wfde: 2.56191086769104 
rank_proposals_accuracy: 1.0