ade: 0.532917857170105
fde: 1.1020302772521973 
ade_topk: 0.4470641613006592
fde_topk: 0.8929219245910645 
wade: 0.695796012878418 
wfde: 1.400963306427002 
