ade: 0.5234834551811218
fde: 0.83021479845047 
ade_topk: 0.3650810718536377
fde_topk: 0.6450085043907166 
ade_avg: 0.696820080280304
fde_avg: 1.2466411590576172
wade: 0.8624371290206909 
wfde: 1.450499176979065 
rank_proposals_accuracy: 0.9498680830001831